            444444      
        44443333334444  
      443333333333333344
    443333333333333344  
    4433333344444444    
    4433333344    44    
    44333344  44  44    
    443344    44  44    
    4444            44  
  44111144        44    
4411111111444444441144  
4411114411111111111144  
4411114411111111111144  
4411114411111111114444  
44      441111111144  44
44      441111111144  44
44      441111111144  44
  44444433333344334444  
      44333333443344    
    4433333333443344    
    4433333333443344    
    4433333333443344    
    443333333333443344  
    444444444444444444  