444444444444444444444444444444444444444444444444444444444411111111111111111111111144444444444444444444444444444444444444
4444444444444444444444444444444444444444444444444444111111                        11111144444444444444444444444444444444
4444444444444444444444444444444444444444444444441111                                    11114444444444444444444444444444
444444444444444444444444444444444444444444444411                                            1144444444444444444444444444
4444444444444444444444444444444444444444444411                                                11444444444444444444444444
44444444444444444444444444444444444444444411                                                    114444444444444444444444
44444444444444444444444444444444444444444411                                                    114444444444444444444444
444444444444444444444444444444444444444411                                    333333442222        1144444444444444444444
444444444444444444444444444444444444444411                                  444444444444444444    1144444444444444444444
444444444444444444444444444444444444444411                    44            44444444444444444444  1144444444444444444444
444444    Bonne journee    444444444444411                    44            444444    4444444444  1144444444444444444444
444444444444444444444444444444444444444411  44                44            444444    4444444444  1144444444444444444444
44444444444444444444444444444444444444444411  4444          44      4444      4444444444444444  114444444444444444444444
44444444444444444444444444444444444444444411      444444444444      4444      444444444433      114444444444444444444444
4444444444444444444444444444444444444444443311            44      44444444      44            11444444444444444444444444
4444444444444444444444444444444444444444444411          33        44444444        3344        11444444444444444444444444
44444444444444444444444444444444444444444411      33              44444444              22      114444444444444444444444
44444444444444444444444444444444444444444411      4433            11111111              4422    114444444444444444444444
44444444444444444444444444444444444444444411  222244112222                          2222444422  114444444444444444444444
44444444444444444444444444444444444444444411      44  44  44444444444444444444444444  4444      114444444444444444444444
4444444444444444444444444444444444444444444411      4444      44    44      44    44  44      11444444444444444444444444
4444444444444444444444444444444444444444444411        4444    44    44      44    4444        11444444444444444444444444
444444444444444444444444444444444411111144444411          444444    44      44  4444        1144441111111111444444444444
4444444444444444444444444444444411111111114444331111          442233443333444444        11113344111111112222444444444444
441111111144444444444444444444442222111111224444333311  11        11              11111133334411111111222233444444111144
              44444444  114444443322221111111111444444444411111111111111111111111144444444444411111122222222334444    11
44                33    11444433222222222222111111444444444444444444444444444444444444444444111111222222222233334444
4444                  1144443333222222222222331111114444444444  4444444444  444444444444111111112222222222222233334433
44444433            114444333322222222222222222222111111444444              44444444441111111122222222332222222233332222
4444444433222222333322223333222222223333222222222233111111114444          4444441111111122222222222233222222222233222222