4444444444444444444444444444444444444444444444444444                4444444444444444444444444444444444444444444444444444
44                                                44                44                                                44
44                                                44                44                                                44
44                                                44                44        444444444444444444444444444444444444    44
44                                                44                44      44111111111111111111111122111111114444    44
44                                                44                44    4411111111111111111111111122111111442244    44
44      4444                                      44                44    4444444444444444444444444444444444222244    44
44    44222244                                    44                44    4411111111111111111111111122111144222244    44
44    44334444444444444444444444444444444444      44                44    4411444444444444113344444444441144222244    44
44    443344    441111111111111111111111111144    44                44    4411442222222244114422222222441144222244    44
44    443344    441111111111111111111111221144    44                44    4411442222222244114422222233441144222244    44
44    444444    441111111111111111111111111144    44                44    4411442222222244114422222233441144222244    44
44    44111144  441111111111111111111111111144    44                44    4411442222222244224422223322441144222244    44
44    4411114444111111111111111111111111111144    44                44    4411444444444444114444444444441144222244    44
44    4411114411111111111111111111111111111144    44                44    4411112211221111112222111111111144222244    44
44    4411114411111111111111111111111111111144    44                44    4411444444444444114444444444441144222244    44
44    4411114411222222111111111111111111221144    44                44    4411442222222244114422222222441144222244    44
44    4411114422224444221122442222224411444444    44                44    4411442222222244114422222233441144222244    44
44    4411114444444444444444444444444444111144    44                44    4411442222222244114422222233441144222244    44
44      4444                            4444      44                44    4411442222222244224422223322441144222244    44
44                                                44                44    4411444444444444114444444444441144222244    44
44                                                44                44    44112211111111111122111122111111442244      44
44                                                44                44    444444444444444444444444443333333333        44
44                                                44                44                                                44
44                                                44                44                                                44
444444444444444444444444444444444444444444444444444444444444444444444444444444444444444444444444444444444444444444444444
                                                  44                44
                                                  44                44
                                                  44                44
                                                  44444444444444444444 