                       
     4444444444444     
   44333333333333344      
 4433333333333333344     
44333333333344444444    
44333333333344    44    
433333333344  44  44    
4333333344    44  44    
43334444            44  
4344111144        44    
4411111111444444441144  
4411114411111111111144  
4411114411111111111144  
4411114411111111114444  
44      441111111144  44
44      441111111144  44
44      441111111144  44
  44444433333344334444  
      44333333443344    
    4433333333443344    
    4433333333443344    
    4433333333443344    
    443333333333443344  
    444444444444444444  