                               4444444444444444444444444444444444444444444444444444               
                               44                                                44               
                               44                                                44                
                               44                                                44                
                               44                                                44                
                               44                                                44                
                               44      4444                                      44                
                               44    44222244                                    44                
                               44    44334444444444444444444444444444444444      44                
                               44    443344    441111111111111111111111111144    44                
                               44    443344    441111111111111111111111221144    44                
                               44    444444    441111111111111111111111111144    44                
                               44    44111144  441111111111111111111111111144    44                
                               44    4411114444111111111111111111111111111144    44                
                               44    4411114411111111111111111111111111111144    44                
                               44    4411114411111111111111111111111111111144    44                
                               44    4411114411222222111111111111111111221144    44                
                               44    4411114422224444221122442222224411444444    44                
                               44    4411114444444444444444444444444444111144    44                
                               44      4444                            4444      44                
                               44                                                44                
                               44                                                44                
                               44                                                44                
                               44                                                44                
                               44                                                44                
                               4444444444444444444444444444444444444444444444444444                                             
                                                  
                                                  
                                                   