
                       2244444444444444444444444444444444444444444444444444444444444444444444
                     1133111111111144                          2222  44444444444422  4411111144
                   224411111111111144                                444444444444    441111111144
                   224411111111111144                                444444444444    44111111111144
                     4411111111111144                                444444444444    4411111111111144
                   224411111111111144                                444444444444    441111111111111144
                   224411111111111144                                444444444444    441111111111111144
                   224411111111111144                                444444444444    441111111111111144
                   224411111111111144                                444444444444    441111111111111144
                   224411111111111144                                444444444444    441111111111111144
                   224411111111111144                                          22    441111111111111144
                   224411111111111144                                                441111111111111144
                   224411111111111144                                                441111111111111144
                   224411111111111133333322333333332233332233333333333333333333333333331111111111111144
                   224411111111111111111111111111111111111111111111111111111111111111111111111111111144
                   224411111111111111111111111111111111111111111111111111111111111111111111111111111144
                   224411111111444444444444444444444444444444444444444444444444444444444444111111111144
                   22441111111144                                                        44111111111144
                   22441111111144                                                        44111111111144
                   22441111111144                                                        44111111111144
                   22441111111144      44444444444444444444444444444444444444444444      44111111111144
                   22441111111144                                                        44111111111144
                   22441111111144      44444444444444444444444444444444444444444444      44111111111144
                   22441111111144                                                22      44111111111144
                   22441111111144                                                        44111111111144
                     441111111144                Vous n'avez pas sauvegarde              44111111111144
                     333311111144                                                        44111111113311
                       334444444444444444444444444444444444444444444444444444444444444444444444444411
