           444444444444444433111111111111114444444444444444  1111111111111144444444444444111111111111112244444444444444      
    22444444444444444411  1111111111114444444444444444  111111111111114444444444444433111111111111114444444444444422    
    4444444444444444111111111111111133444444444444443311111111111111114444444444444444111111111111111144444444444444    
  22444444444444443311111111111111114444444444444444221111111111111111444444444444444411111111111111114444444444444433  
  4444444444444444111111111111111133444444444444444411111111111111112244444444444444441111111111111111114444444444444422
444444444444444433111111111111111144444444444444444411111111111111112244444444444444443311111111111111114444444444444444
3333333333333333                  333333333333333344                22333333333333333333                1133333333333333
3333333333333333    11            333333333333333333              1111333333333333333344  11            1133333333333333
33443333444433331111111111111111223333333333333333441111111111111111334433333333333333331111111111111111  33443333333344
  444444443344    11111111111111444444444444444444334422111111111133334444444444444444222211111111111111  11444444444411
    33443322        1111111133442222223344444433222222222222222222223322113344344444333333332211111111        33443311  
                      1111113333                                                          3333111111                    
                            3333                                                          3333                          
                            3333                                                          3333                          
                            3333                                                          3333                          
                            3333                                                          3333                          
                            3333                                                          3333                          
                            3333                                                          3333                          
                            3333                                                          3333                          
                            3333                                                          3333                          
                            3333                                                          3333                          
                            3333                                                          3333                          
                            3333                                                          3333                          
                            3333                                                          3333                          
                            3333                                                          3333                          
                1111111111  3333                                                          3333111111111111              
              111111111111  3333                                                          3333111111111111              
                1111111111333333                                                          3333111111111111              
                1111111122333333                                                          3333111111111111              
         3333333333333333333333333333333333333333333333333333333333333333333333333333333333333333333333333333                                                                                                                          