                      4444444444            4444444444            4444444444            4444444444
                    44222222222244        44          44        44222222222244        44          44
                  332222222222222233    33              33    332222222222222233    33              33
                442222222222222222224444                  44442222222222222222224444                  44
              442222222222222222222222                      2222222222222222222222                      44
              442222222222222222222222                      2222222222222222222222                      44
              442222222222222222222222                      2222222222222222222222                      44
              442222222222222222222222                      2222222222222222222222                      44
              442222222222222222222222                      2222222222222222222222                      44
              442222222222222222222222                      2222222222222222222222                      44
                442222222222222222224444                  44442222222222222222224444                  44
                  442222222222222244111144              441111442222222222222244111144              44
                  44442222222222441111111133          3311111111442222222222441111111133          3344
                  4422442222224411111111111144      44111111111111443322224411111111111144      442244
                  44111144444411  11111111  1144444411  11111111  1133444411  11111111  11444444111144
                  44111111111111111111111111111111111111111111111111  11111111111111111111111111111144
                  441111444444444444444444444444  1111111111111111111111111111111111111111111111111144
                  441111441111111111111111111144  1111111111111111111111111111111111111111111111111144
                  44111144111111  11111111  1144  4444444444444444444444444444444444444444444444111144
                  441111441111  11111111  111144  44111111  11111111  11111111  11111111  111144111144
                  4411114411  11111111  11111144  441111  11111111  11111111  11111111  11111144111144
                  441111441111111111  1111111144  4411  11111111  11111111  11111111  1111111144111144
                  441111441111111111111111111144  441111111111  111111111111111111  111111111144111144
                  44111144111111  111111  111144  4411111111111111111111111111111111111111111144111144
                  441111441111111111111111111144  44111111  111111  1111111111  111111  11111144111144
                  441111441111111111111111111144  4411111111111111111111111111111111111111111144111144
                  441111441111111111111111111144  4411111111111111111111111111111111111111111144111144
                  441111441111111111111111111144  4411111111111111111111111111111111111111111144111144
                  441111441111111111111111111144114433333333333333333333333333333333333333333344111144
                  441111441111111111111111111144111111111111111111111111111111111111111111111111111144
                  444444443333333333333333333344444444444444444444444444444444444444444444444444444444