4444444444444444444444444444444444444444444444444444                4444444444444444444444444444444444444444444444444444
44                 Inventaire                     44                44                    Armoire                     44
44                                                44                44                                                44
44                                                44                44                                                44
44                                                44                44                                                44
44                                                44                44                                                44
44                                                44                44                                                44
44                                                44                44                                                44
44                                                44                44                                                44
44                                                44                44                                                44
44                                                44                44                                                44
44                                                44                44                                                44
44                                                44                44                                                44
44                                                44                44                                                44
44                                                44                44                                                44
44                                                44                44                                                44
44                                                44                44                                                44
44                                                44                44                                                44
44                                                44                44                                                44
44                                                44                44                                                44
44                                                44                44                                                44
44                                                44                44                                                44
44                                                44                44                                                44
4444444444444444444444444444444444444444444444444444                44                                                44
44                                                44                44                                                44
44                                                44                44                                                44
44                                                44                44                                                44
44                                                44                44                                                44
44                                                44                44                                                44
4444444444444444444444444444444444444444444444444444                4444444444444444444444444444444444444444444444444444