                                    4444444444444444444444444444444444444444444444444444
                                    44                                                44
                                    44                                                44
                                    44                                                44
                                    44                                                44
                                    44                                                44
                                    44                                                44
                                    44                                                44
                                    44                                                44
                                    44                                                44
                                    44                                                44
                                    44                                                44
                                    44                                                44
                                    44                                                44
                                    44                                                44
                                    44                                                44
                                    44                                                44
                                    44                                                44
                                    44                                                44
                                    44                                                44
                                    44                                                44
                                    44                                                44
                                    44                                                44
                                    44                                                44
                                    44                                                44
                                    4444444444444444444444444444444444444444444444444444