                                                       44444444444444444444444444444444444444444444444444444444444444444
                                                       44                          Cantine                            44
                                                       44                                                             44
        4444                                           44                                                             44
  4444  442244                                         44444444444444444444444444444444444444444444444444444444444444444
  44224444222244                                       44                                                             44
  4422224444222244                                     44                                                             44
    442222444422224411111111111111                     44                                                             44
      44222244442211      1111  111111                 44                                                             44
        442222444411111111111111    1111111111         44                                                             44
          1111111111    11      1111111111111111       44                                                             44
        11            1111111111111111          11     44                                                             44
      11  1111111111111111            111111111111     44                                                             44
    444444444444444444444444444444444444444444444444   44                                                             44
    44  22  22                                  2244   44                                                             44
    442222222222      22      22      22      222244   44                                                             44
    442222222222                            22222244   44                                                             44
    44  222222    22      22      22      2222222244   44                                                             44
    44    22                            222222222244   44                                                             44
    444444444444444444444444444444444444444444444444   44                                                             44
      44                                        44     44                                                             44
      44      4444                    444422222244     44                                                             44
        44  4444  44              224444  442244       44                                                             44
        44  44444444            2222444444442244       44                                                             44
          44  4444          222222222244442244         44                                                             44
            442222      22222222222222222244           44444444444444444444444444444444444444444444444444444444444444444
            44442222222222222222222222224444           44                                                             44
              4444444444444444444444444444             44                                                             44
                                                       44                                                             44
                                                       44444444444444444444444444444444444444444444444444444444444444444