                                                      444444444444
                                                  444422222222    4444
                                                44    22222222        44
                                              44  22222222222222        44
                                              44  2222        222222    44
                                            44222222            222222222244
                                            44222222            2222    2244
                                            44  2222            22        44
                                            44    2222        2222        44
                                            44    222222222222222222    2244
                                            44  2222444444444444444422222244
                                              444444    44    44    444444
                                                44      44    44      44
                                                44                    44
                                                  44                44
                                                    4444444444444444












                                                      
