                                                    3333          444444444444444444444444444444444444444444444444444444
                                                      3333        44                                                  44
                                          3322222222223333        44                                                  44
                                      22223333333333333333        44                                                  44
            33                      33333333333333333333          444444444444444444444444444444444444444444444444444444
            2222                    33333333333333333311          44                                                  44
        3333222233                  222211111111111111            44                                                  44
      22222222222222                222211111111111111            44                                                  44
    3322222222222222333333          221111441111114411            44                                                  44
    33333322222222222222222222    11221111441111114411            44                                                  44
  333333333333333333222222222222331133111111111111111111          44                                                  44
  333333332233222222222222222222222233111111222222221111          44                                                  44
  333322222222333333333333332222223333111133111111113311          44                                                  44
  113333333333333333223333223333333333222233112222113322          444444444444444444444444444444444444444444444444444444
    333333333333222222222222223333223333333333333333333333        
    33333333223333333333333333332222333333333333333333333322      
      3333222233333333333333  113322333333333333333333333333  1111
      333333333333333333111111112233223333333333333333333333  1111
    333333333333          1111111122333333221122221133331111111111
    333333331111        111111111111222222112222112222221111111111
  2233333322            1111111111  2222221111222222111111111111  
  11333311      11111111111111      2222221111222222        11    
                  11221111          2222222222222222              
                11111122            333333112222223333            
              111111  22          3333333333333333333322          
            111122              33333333333333333333333333        
          111111                33333333          33333333        
        111122                333333                  333333      
        1111                333333                      333333    
                            333333                      33333333  