444444444444444444444444444444444444444444444444444444444444444444444444444444444444444444444444444444444444444444444444
44                                                     44                           Forge                             44
44                                                     44                                                             44
44                                                     44                                                             44
44                                                     44444444444444444444444444444444444444444444444444444444444444444
44                                                     44                                                             44
44                                                     44                                                             44
44                                                     44                                                             44
444444444444444444444444444444444444444444444444444444444                                                             44
      4444444422222244444444                           44                                                             44
    44111111111111111111111144                         44                                                             44
    44111111111111111111  1144                         44                                                             44
    44111111111111111111  1144                         44                                                             44
    44111111111111111111  1144                         44                                                             44
    44111111111111111111  1144                         44                                                             44
    44111111111111111111111144                         44                                                             44
    44111111111111111111111144                         44                                                             44
    44111111111111111111111144                         44                                                             44
      4444444444444444444444                           44                                                             44
              333311                                   44                                                             44
              331133                                   44                                                             44
              113311                                   44                                                             44
              331133                                   44                                                             44
              113311                                   44                                                             44
              331133                                   44                                                             44
              113311                                   44444444444444444444444444444444444444444444444444444444444444444
              331133                                   44                                                             44
              113311                                   44                                                             44
              331133                                   44                                                             44
              444444                                   44444444444444444444444444444444444444444444444444444444444444444