4444444444444444444444444444444444444444444444444444                4444444444444444444444444444444444444444444444444444
44                                                44                44                                                44
44                                                44                44                                                44
44                                                44                44                                                44
44                                                44                44                                                44
44                                                44                44                                                44
44                                                44                44               4444            4444             44
44        444444444444444444444444444444444444    44                44          4444  2244        44    4444          44
44      11111111111111111111111111111111112244    44                44        44      2244        44      2244        44
44    4444444444444444444444444444444444442244    44                44        44          44444444        2244        44
44    4422222233333332233333322322222222442244    44                44        4422                      222244        44
44    4422112211111112222222211111221122442244    44                44          44                    222244          44
44    4433221111111222244442222111112222442244    44                44          4422                  222244          44
44    4422111111122224444444422211111122442244    44                44            44                  2244            44
44    4422111111122224444444422211111122442244    44                44            44                  2244            44
44    4422331111111333344443322111112222442244    44                44            44                222244            44
44    44221133111111122222222111113311224422      44                44            4422            22222244            44
44    442233223323322223322222222222222244        44                44            442222222222222222222244            44
44    334444444444444444444444444444444444        44                44              44222222222222222244              44
44                                                44                44                4444444444444444                44
44                                                44                44                                                44
44                                                44                44                                                44
44                                                44                44                                                44
44                                                44                44                                                44
44                                                44                44                                                44
444444444444444444444444444444444444444444444444444444444444444444444444444444444444444444444444444444444444444444444444
                                                  44                44
                                                  44                44
                                                  44                44
                                                  44444444444444444444             