
                                44444444444444444444444444444444444444444444444444444                
                                44                                                 44                
                                44                                                 44                
                                44                                                 44                
                                44                                                 44                
                                44                                                 44                
                                44                                                 44                
                                44                                                 44                
                                44                                                 44                
                                44                                                 44                
                                44                                                 44                
                                44                                                 44                
                                44                                                 44                
                                44                                                 44                
                                44                                                 44                
                                44                                                 44                
                                44                                                 44                
                                44                                                 44                                                                44
                                44                                                 44                
                                44                                                 44                
                                44                                                 44                
                                44                                                 44                
                                44                                                 44                
                                44444444444444444444444444444444444444444444444444444                




