                          44444444444444444444444444444444           112222222211
                          44                            44       44441111111111114444
                          44                            44   4444111111111111111111114444
                          44                            44 331111111111111111111111111111333333
                          44                            444411111111111111111111111111111111111111333333
                          44444444444444444444444444444444111111111111112222221111112211222222111111111144
                          4444                        44112222221111111111222222111111111111112211112222221144                                                                                                        
                          44                        33222211111122222222222222111111112222222222222222222233                                          
                        44                        22332222222222222211112222222222222222222222222222222244                                            
                                                    4411112222222211111111222222222222221111111111111144                                              
                                                  44111111112222111122111111111122222222223311221111111144                                                                                                        
                                                4433221111223322222222222222111111111111111122222222223344                                                                           
                                                    4444332222111111222211111133333333111133332222223344                                              
                                                      443322222233333311112222111133222222222222223344                                                
                                                        44443322222233333322222222223333222222334433                                                  
                                                        44332222222233333333333333333322222222223333                                                  
                                                        44333333333333333333333333333322222233333333                                                  
                                                          4444333333444422223333334433333333444433                                                    
                                                              444444    33332233333344444444                                                          
                                                                        33333333333333                                                                
                                                                        44333333333333                                                                
                                                                        44333333333333                                                                
                                                                      2233333333333311                                                                
                                                                      4433332233332222                                                                
                                                                    44223333332233332244                                                              
                                                                   442233333333333333333344                                                                                                                                                                                                                                                                                                                                                                                                                                                                                                                                                                                          
222222222222222222222222222222222222222222222222222222222222222222222222222222222222222222222222222222222222222222222222
444444444444444444444444444444444444444444444444444444444444444444444444444444444444444444444444444444444444444444444444
444444443344224444442233334433333333444444444444444444444444444444444444444444444444444444444444444444444444444444444444
444444223333223333443311221144114444444444444444444444444444444444444444444444444444444444444444444444444444222233222222