                                                2211222222221122222211
                                                2211222222221122222211
                                                3333333333333333333322
                                                3322332233333333223322
                                                3311111133223322113333
                                                2222222222222222222233
                                                3311321133333333443311
                                                22        33      3311
                                                22        33      3311
                                                11        33        11
                                                33333333333311  112211
                                                         Shop                                        334433
          44                                              33                                         332233
  444444442244444444                                      11                                         3322444411
4411111111111111111144                                    11                                       444444444444444411
4411111111111111  1144                                    11                                     4444444444444444444422
4411111111111111111144  33111331111111111111331111111111112211111111111133111111111113311133   4444444444444444444444443
  444444444444444444                                      11                                     442222222222222222244
          31                                              11                                     332222222244444442244
          33                                              11                                     332444442244333442244
          11                                              33                                     33244 442244333442244
          33                                                 4444                                332444442244333442244
          33                                               44323344                              443333333344333443344
         Forge                                           442223  3344                                  Chambre
                                                       44222223331133
                                                       443333334444
                                                     4411444444
                                                   44  44
                                                    4444
                                                       Cantine